111100000000000000000000000000000000000000000000000000000000000000000000000000000000000

000011000000000000000000000000000000000000000000000000000000000000000000000000000000000

000000111110000000000000000000000000000000000000000000000000000000000000000000000000000

000000000000000000000000000000000000000000000000000000000000000000000000000000000000000

000000000001110000000000000000000000000000000000000000000000000000000000000000000000000

100000000000001000000000000000000000000000000000000000000000000000000000000000000000000

000011000000010000000000000000000000000000000000000000000000000000000000000000000000000

000000100000000000000000000000000000000000000000000000000000000000000000000000000000000

000000000001000111100000000000000000000000000000000000000000000000000000000000000000000

000000000000000000010000000000000000000000000000000000000000000000000000000000000000000

000000000000000000001110000000000000000000000000000000000000000000000000000000000000000

110000000000000000000001000000000000000000000000000000000000000000000000000000000000000

000000000000000000000000000000000000000000000000000000000000000000000000000000000000000

000000000000000000000000100000000000000000000000000000000000000000000000000000000000000

100000001000001000000000011100000000000000000000000000000000000000000000000000000000000

000000000001000000000000000010000000000000000000000000000000000000000000000000000000000

000000000000000001000000000001110000000000000000000000000000000000000000000000000000000

000000000000000000000000000001100000000000000000000000000000000000000000000000000000000

100000000000001000000000000000000000000000000000000000000000000000000000000000000000000

100000000000000000000000000000000000000000000000000000000000000000000000000000000000000

000011000000010000000000000000000000000000000000000000000000000000000000000000000000000

000000000000000000000000000001001000000000000000000000000000000000000000000000000000000

000000000001000100000000000000000000000000000000000000000000000000000000000000000000000

000000000000000000000000100000000100000000000000000000000000000000000000000000000000000

000000000000000000000000000001000010000000000000000000000000000000000000000000000000000

000000100000000000000000000000000001000000000000000000000000000000000000000000000000000

000000000000000000000000000000000000100000000000000000000000000000000000000000000000000

000000000000000000000000000000000000010000000000000000000000000000000000000000000000000

100000000000001000000000000000100000000000000000000000000000000000000000000000000000000

000000000000000000000000000000000000010000000000000000000000000000000000000000000000000

000000000000000000000000000000000000011000000000000000000000000000000000000000000000000

000000000000000000000000000000000000000111000000000000000000000000000000000000000000000

100000000000000000000000000000000000000000000000000000000000000000000000000000000000000

000000000000000000010000000000000000000000000000000000000000000000000000000000000000000

000000000000000000000000000000000000100000000000000000000000000000000000000000000000000

000000000000000000000010100000000000100000100000000000000000000000000000000000000000000

000000000001000000000000000000000000000000010000000000000000000000000000000000000000000

000000000001000011100000000000000000000000001000000000000000000000000000000000000000000

000000000000000000000000000000000000000000000000000000000000000000000000000000000000000

000000000000000000000000000000110000010000000000000000000000000000000000000000000000000

000000000000000000000000000001000000000000000000000000000000000000000000000000000000000

000000000011000100000000000000000000000000000000000000000000000000000000000000000000000

000000000000000000000000000000010000000000000111000000000000000000000000000000000000000

000000000000000000000000000000000010000000000000100000000000000000000000000000000000000

000000000000000000010000000000000000000000000000100000000000000000000000000000000000000

000000000000000000000000000000000010000000000000011000000000000000000000000000000000000

000000100000000000000000000000000000000000000000000100000000000000000000000000000000000

100000000000001000000000000000000000000000000000000010000000000000000000000000000000000

000000000000000000000000000000000000010000000000000000000000000000000000000000000000000

110000000000000000000001000000000010000000000000000000000000000000000000000000000000000

000000000000000000000000100000000000000000000000000000000000000000000000000000000000000

000000000000000000000000000000000000000000000000000000000000000000000000000000000000000

000010000000000000000000000000000000000000000000000000000000000000000000000000000000000

000000000000000000000000100000000000000000000000000000000000000000000000000000000000000

000000000001100100000000000000000000000000000000000000000000000000000000000000000000000

100000000000001000000000000000000000000000000000000001000000000000000000000000000000000

000000000000000000000000000001000000000000000000000000000000000000000000000000000000000

000000000000000000000000000001000000000000100010000000100000000000000000000000000000000

000000000000000000000000000000000000000000000000000000000000000000000000000000000000000

000000000000000000000000000001000000001000000000000000010000000000000000000000000000000

000000100000000000000000000000000000000000000000000000001000000000000000000000000000000

000000000000000000000000000001000000000000000000000000000100000000000000000000000000000

000000000100000000000000100000000000000000000000000000000000000000000000000000000000000

000000000000000000000000000000000000000000000000000000000000000000000000000000000000000

000000000000000000000000000000000000000010000000000010000000000000000000000000000000000

000000000000000000100010000001000000100000100000000000000000000000000000000000000000000

000000000000000000000000000000000000000000000000000000000011000000000000000000000000000

100000000000001000000000000000000010000001000000000000000000000000000000000000000000000

000010000000000000000000000000000000000000000000000000000000100000000000000000000000000

000000000000000000000100000000000000000000000000000000000001000000000000000000000000000

000000000000000000001000000000000000000000000000000000000000000000000000000000000000000

000000000000000000000000000001000000000000000000000000000000000000000000000000000000000

000010000000000000000000000000000000000000000000000000000000000000000000000000000000000

000010000000000000000000000000000000000000000000000000000000000000000000000000000000000

000000000000000000000000000000000000100000100000000000000000010000000000000000000000000

000000000000000000000000100000001000000000100000000000000000000000000000000000000000000

000000000000000000001000000000000000000000000000000000000000001000000000000000000000000

000000000000000000000000000000000000000000000000000000000000000000000000000000000000000

000000000001000000000000000000000010000000000000000000000000000000000000000000000000000

000000000000000000000000000001000000000000000000000000000100000000000000000000000000000

000000100000000000000000000000000010000000000000000000000000000100000000000000000000000

000010000000000000000000000000000000000000000000000000000000000000000000000000000000000

000000100000000000000000000000000000000000000000000100000000000000000000000000000000000

000000100010000000000000000000000000000000000100000000000000010111000000000000000000000

000000000000000000010000000000000000000000000000000000000000000000000000000000000000000

000000100000000000000000000000000000000000000000000000000000000000000000000000000000000

000000100000000000000000000000000000000000000000000000001000000000000000000000000000000

000000101000000000000000000000000001000000000000000000000000000000000000000000000000000

000011000000000000000000000000000000000000000000000000000000000000000000000000000000000

000000000000000000000000000000000000000000000000000000000000000000100000000000000000000

000000000000000000000000000000000000000000000000000000000000000000011000000000000000000

000000000000000000000000000000000000000000000000000000000000000000000000000000000000000

000000000000000000000000000001001010000000000000000000000000000000000000000000000000000

000000000000000000000000100000000000000000000000000000000000000000000000000000000000000

000000000000000000000000000001000000000000000000000000000100000000000100000000000000000

100000000000001000000000000000000010000010000000000000000000000000000000000000000000000

000000000000000000000010000001000000000000000000000000000000000000000010000000000000000

000000000000000000000000100000100100000000000000000000000000000000000000000000000000000

000000000000000000000000100000000000000000000000000000000010000000000001000000000000000

000000100000000000000000000000000000000000000000000100000000000000000000100000000000000

100000001000000000000000000000000000000000000000000000000000000000000000000000000000000

000000000000000000000000010000000000011000000001000000000000000000000000000000000000000

000000000000000000010000000000000000000000000000000000000000000000000000000000000000000

000010000000000000000000000000000000000000000000000000000000000000000000000000000000000

000000000000000000000000000001000000000000000000000000000000000000000000010000000000000

000000000000000000010000000000000000000000000000000000000000000000000000000000000000000

000000000000000000000000000000000010000100000000000000000000000000000000001000000000000

000000000000000000000000000000000000010000000000000000000000000000000000000000000000000

000010000000000000000000000000000000000000000000000000000000000000000000000000000000000

000000000000000000000000000000000010000000000000000000000000000000000000000000000000000

000000000000000000000000010000000000000000000000000000000000010000000000001000000000000

000000000000000000000000000001000000000000000000000000000000000000000000000000000000000

111100000100000000000000000000000000001000000000000000000000000000000000000000000000000

000000110000000000000000000000000000000000000000000000000000000000000000000000000000000

110000000000000000000000000000000000000000000000000000000000000000000000000000000000000

000000100000000000000000000000000000000000000000000100000000000000000000000000000000000

000000000000000000000000000001000010000000000000000000000000000000000000000000000000000

000000100000000000000000000000000010000000000000000000000000000000000000000000000000000

000000110000000000000000000000000010000000000000000000000000000000000000000000000000000

100000000000001000000000000000100000000000000000000000000000000000000000000000000000000

111100000000000000000000000000000000000000000000000000000000000000000000000000000000000

000000100000000000000000000000000010000000000000000000000000000000000000000000000000000

110000000000000000000001000000000000000000000000000000000000000000000000000000000000000

000000100000000000000000000000000000000000000000000000000000000000000000000000000000000

000000100000000000000000000000000000000000000000000100000000000000000000000000000000000

110000000000000000000000000000000000000000000000000000000000000000000000000000000000000

000000000000000000000000000000000000000000000000000000000010000000000000000000000000000

000000000000000000000000000000000000000000000000000000000000000000000000000000000000000

000000100000000000000000000000000000000000000000000000000000000100000000000000000000000

000011000000010000000000001000000000000000000010000000000000000000000000000100000000000

000000000000000000000000000000000000000000000000000000000000000000000000000000000000000

000010000000000000000000000000000000000000000000000000000000000000001000000010000000000

000000000001000100000000000000000000000000000000000000000000000000001001000000000000000

000000000000000000000000000000100010000000000000100000000000000000000010000101000000000

000000000000000000000000000000000010000000000000100000000000000000000000000000000000000

000000000000000000000000000001010000000000000000000000000100100000000100000000000000000

000000000000000000000000000000000000000000000000000000000000000000000000000000000000000

000000000000000000000000000000000000000000000000000000000000000000000000000000000000000

000000100000000000000000000000000000001000000000000000000000000000000000000000110000000

000000000000000000010000000000000000000000000000000000000000000000000000000000000000000

000000000000000000000000100000000010000000000000000000000000000000000000000000000000000

000010000000000000000000000000000000000000000000000000000000000000000000000000001000000

000000000000000000000000000000001000000000000000000000000000000000000000000000000000000

000000000001100100000000000000010000000000000000000000000000010000000000000000000100000

000010100000000000000000000000000000000000000000000000001000000000000000000000000000000

000000000000000000000000000000000000000000000000010000000000000000000000000101000000000

000000000000000000000010000000000010000000000000000000000000000000100000001000000010000

000000100000000000000000000000000000000000000000000000000000000000000000000000000000000

000000000000000000000000000000000000000000000000000000000000000000000000000000000000000

000000000100000000000000000000000010000000000000000000010000000000000000000000000000000

000000100000000000000000000000000001000000000000000000000000000000000000000000000000000

000000101000000000000000000000010010000000010000000000000000000010000000100000000000000

000000000000000000000000000000000000000000000000000000000000000000000000000000000000000

110000000000000000000001000000000000000000000000000000000000000000000000000000000000000

000000100000000000000000000000000001000000000000000000000000000000000000000000000000000

000000000001000100000000000000000000000000000000000000000000000000000000000001000000000

100000000000000000000000000000000000000000000000000000000000000000000000000000000000000

000000000000000000000000000000000010000000100000000000000000000000000000000000000000000

000000000000000000000000100000000000000000000000000000000010000000000000000000000000000

000000110000000000000000000000000010000000000000000000000000000000000000000000010000000

000000000000000000000000000001000000000000000000000000000100000000000100000000000000000

000000000000000000000000000000000010000000000000100000000000000000000000000000000000000

100000000000001000000000000000000000000000000000000001000000000000000000000000000000000

000000100000000000000000000000000000000000000000000100000000000000000000000000000000000

000000001100000000100000100000010000000000000000000000000010000000000001000001000000000

000000000000000000000000000000000000000000000000000000000000000000000000000000000000000

100000000000000000000000000000000000000000000000000000000000000000000000000000000000000

000000000000000000000000000100000000000000000000000000000000000000000000000000000000000

000010000000000000000000000000000000000000000000000000000000000000000000000000000000000

000000000000000000000000000000000000000000000000000000000010000000000000000000000000000

000010000000000000000000000000000000000000000000000000000000000000000000000000000000000

000000000001000000000000000000000000000001000000000000000000010000000000001000000001000

000000000000000000000000000000000000000000000000000000000000000010000000000000000000000

000000000000000000000000000000100000000000000000000000000010000000000001000000000000000

000000000000000000000000000000000000000000000000000000100000000000000000000000000000000

000000000001000000000000000000000000000000000000000000000000000000000000000000000000000

100000000000000000000000010000000000000000000000000010000000000000000000000000000000000

000000000000000000000000000000000000000000000000000000000000000000000000000000000000000

000000000000000000000000000000000000000100000000000000000000000000000000000000000000000

000000000000000000010000000000000000000000000000000000000000000000000000000000000000000

000011110000010000000000000000000001000001000000000000000000000000000000000000000000000

000000000000000000010000000000000000000000000000000000000000000000000000000000000000000

000000000000000000000000000001000010100000001000000000000000000000000000000000000000000

100000001000000000000000010000000000000000000000000000000000000000000000000000000000000

000000000000000000000000000000000000000000000100000000000000000000000000000000000000000

000000000000000000000000000000000000000000000000000000000010000000000000000000000000000

000000100000000000000000000000000001000000000000000000000001000000000000000000000000000

000000000000000000000000000001000000000000000000000000000100000000000100000000000000000

000000100010000000000000001000000000000000000000000000000000000000000000000000000000000

110000000000000000000000000000000000000010000000000000000000000000000000000000000000000

000000000000000000000000000000000000010000000000000000110000000000000000000000000000000

111100000000000000000000000000000000000000000000000000000000000000000000000000000000000

000000100100000000000000000000000011000000000000000000000000000000000000000000000000000

100000000000000000000000000000000000000000000000000000000000000000000000000000000000000

000000000000000000000000100000001000000000000000000000000000000000000000000000000000000

000000100000000000000000000000000001000000000000000000000000000000000000000000000000000

000000101000000000000000000000000011000000000000000000000000000010000000000000000000000

000000000000000000000010000001000000001000100000000000000000000000000000000000000000000

000000000000000000000000000000000000000000000000000000000000000000010000000000000000100

000000100000000000000000000000000000000000000000000000000000000000000000000000100000000

000010000000000000000000000000000000000000000000000000100000000000000000000000000000000

000000110000000000000000000000000000100000000000000000000000000000000000000000000000000

000000110000000000000000000000000000000000000000000000000000000011000000000000100000000

000000000000000000000000000001000000000000000000000000000000000000000000000000000000000

000000100000000000000000000000000001000000000000000000000000000000000000000000000000000

000000000000000000010000000000000000000000000000100000000000000000000000000000000000000

000000000000000000000000100000000000000000000000000000000000000000000000000000000000000

000000000000000000000000000000000000010000000000000000000000000000000000000000000000000

000000000001100000000000000000000000000000000000000000000000000000000000000000000000000

000000001001000000000000000000000010000000000000000000000000100000000000000000000000000

000000000000000000000010000000000000000000000100000000010000000000000000000000000000000

000000100000000000000000010000000001000000000000000000000000000000000000000000000000000

000000000000000000000000000000000000000000000000000000000000000000000000000000000000000

000000000000000000000000000000000000000000000000000000000000000000000000000000000000000

000000000001000100000000000000000000000000000000000000000000000000000000000000000000000

000000000000000000000000000000000000000000000000000000000000000000000000000000000000000

000000000000000000000000000001001000000000000000000000000100000000000000000000000000000

000000110000000000000000000000000000000000000000000000000000010000000000000000010000000

000000000001000100000000000000000000000000000000000000000000000001000000000000000000000

000000000000000000000000000000000000000100000000000000000000000000000000000000000000000

000000100000000000000000000010000000000000000000001000000000000000000000000000000000000

000000000000000000000000000000000000000000000000000000000000000000011000000000000000000

100000000000000000000000000000000000000000000000000000000000000000000000000000000000000

000000000000000000000000000000000000000000000100000000000000000000000000000000000000000

000000000000000000000000100000000000000000000000000000000000000000000000100000000000000

000000000000000000010100000000000000000000100000100000100000000000000000101000000000000

000000000000000000000000000100000010000010000000000000000000001000000000100000000000000

100000000000001000000010000000000000000000000000000001000000000000000000000000000000000

000000000000000000000000100000000000000000001000000000000000010000000000000000000000000

000000000001000000000000000000000000000001000000000000000000000000000000000010000000000

000000000000000000000000000000000000000000000000000000000000000000000000000000000000000

000000000000000000000000000001000000000000000000000000000100000000000000000000000000000

000000000000000000000000000000000000000000000000000000000000000000000000000000000000000

000000100000000000000000000000000001000000000000000000000000000000000000000000000000000

000000100000000000000000000000000000000000000000000000000000000000000000000000100000000

100000000000001000000000000000000000000000001010000000000000000000000000000000000000000

000000000000000000000000000000000000000000000000000000000000000000000000000000000000000

000000100010000000000000000000000000000000010000000000000000000100000000000000010100010

100000000000001000000000000000000000000000000000000011000000000000000000000000000000000

000011000000010000000000000000000000000000000000000000000000000000000000000000000000000

000000000000000000000000100000001100000000000000000000000000000000000000000000000001000

000000000000000000000000000001000000000000000000000000000000000000000000000000000000000

000000001000000000000000000000000010000000001000000000000000001000000000000000000000000

000000000000000000000000000000000000000000000000001000000000000000000000000000000000000

000000100000000000000000000010000000000001000000000000001000000000000000000000000000000

000000000000000000000000000000000000000000001000000000000000000000000000000000000000000

000000000000000000000000000001000010000000000000000000000000000000000000010000000000000

000000000000000000000000000000000000000000000000000000000000000000000000000000000000000

000010000000000000000000000000000000000000000000000000000000000000000000000000000000100

000000000001100000000000000000000000000000000000000000000000000000000000000000000000000

000000100000000000000000000000000000000000000000000100000000000000000000000000000000000

000000001001000010100000000000000010000000000000000000000000001000000000000000000000000

000000000000000000000000100000000000000000000000000000000000000000000000000000000000000

000000000000000000000000000000000000010000000000000000000000000000000000000000000000000

000000110000000000000000000000000000000000000000000000000000000000000000000000000001000

000000000010000000000000001000100000000000000010000000000001010010000000000000010000001

000010000000000000000000000000000000000000000000000000000000000000000000000000000000000

000000100001000000000000000000000000000000000000000000000000000000000000000000000000000

000000000001100100000000000000000000000000000000000000000000000000000000000000000000000

000000000000000000010000000000000000000000000000000000000000000000000000000000000000000

000010000000000010000000000000000000000000000000000000000000000000000000000000001000000

000000100000000000000000000000000000000000000000000000000000000000000000000000000000000

111100000000000000000000000000000000000000000000000000000000000000000000000000000000000

000000000100000000000000000000100000000000000100000000000000000000000000000000000000000

000000000000000000000000100000001000100000000000000000000000010000000000000000000001000

000000000000000000000000000000000000000000000000000000000000000000000000000000000000000

111100000000000000000000000000000000000000000000000000000000000000000000000000000000000

000000100000000000000000000000000000000000000000000000000000010000000000000100000000010

000000000000000000000000000001001000000000000000000000000100000000000100000000000000000

100000000000000000000000000000000000000000000000000000000000000000000000000000000000000

000000000000000000000000000000000000000000000001000000000010000000000000000100000000001

000000001000000000000000000001000000000000000000000000000000000000000000010000000000000

000000000000000000100000000001000000000000000000000000000000000000000000000000000000000

000000000000000000000000000000100000000000000000000000000000000000100000000000000000000

000000100000000000000000000000000000000000000000000000000000000000000000000000000000000

100000000000001000000000000000000000000000000000000001000000000000000000000000000000000

100000000000000000000000000000000000000000000000000000000000000000000000000000000000000

000000000000000000000000000000000010000000000000000000000001000000000000000000000000000

000010000000000000000000000000000000000000000000000000000000100000000000000000000000000

000000000000000000010000000000000000000000000000100000000000000000000000000000000000000

000000000000000000010000000000000000000000000000000000000000000000000000000000000000000

000000001000000000000000000000000000000000000000000000000000000000011000000000000000000

000000000000000000000000000000000000000000000000010000000000000000000000000000000000000

000000001000000000000000000000000010000000000000000000000000000000000000000000000000000

000000000000000000000000000000000000000100000001000000000000010000000000000000000000000

000000000000000000000000000000000000000000000000000000000000000000000000000000000000000

000010001000000000000000000000000000000000000000000000100000000000000000000000000000000

000000100000000000000000000000000001000000000000000000000000000000000000000000000000000

000000001011000100000000000100000000000000000000000000000000000001000000000000000000000

000010000000000010000000000000000000000000000000000000000000000000000000000000001000000

000000000000000000000000000000000000000000000000000000000010000000000000000000000000000

000000000000000000000000000000000000000000000000000000000000000000000000000000000000000

000000000000000000000000100000000000000000000000000000000000000000000000000000000000000

000000000000000000000000000001000000000000000000000000000100000000000000000000000000000

000000000000000000000000000000000000000000000000000000000000000000100000000000000010000

000000000000000000010000000000100000000000000000100000000000000000000000000000000000000

000000000000000000000000010000000000000000000100000000000000000000000000100000000000001

000000100100000000000000000000000000000000000000000000000000000000000000000000000000000

000000000000000000000100100000000100000000000000000000000000000000000000000000000001000

000000100000000000000000000010000000000000000000000000000000000000000000000000100000000

000010000000000000000000000000000000000000000000000000000000101000000000000000000000000

000000000001100100000000000000000000000000000000000000000000000000000000000010000000000

000000000000000000000000000000000000000000000000000000000000000000011000000000000000000

110000000000000000000000000000000000000000000000000000000000000000000000000000000000000

000000000001000100000000000000000000000000000000000000000000000000000000000000000000000

000000000001000100000000000000000000000000000000000000000000000000000000000010000000000

100000000000001000000000000000000000000000000000000000000000000000000001000000000000000

000000000000000000000000100000000000000000000000000000000000000000000000000000000000000

000000100000000000000000000000000000000000000000000100000000000000000000000000000000000

000000000000000000000000000101000010000000000000000000000000000000000000000000000000000

000000100000000000000000000000000000000000000000000000000000000000000000000000100000000

000000000000000000000000000000100000000010000000000000000000000000000000000000000000000

000000000001100000000100000000000000000000000010000000000000000000000000000000000100000

000000000000000000000000000000000000000000000000000000000000000000000000000000000000000

000000000000000000010000000000100000000000000000000000000000000000000000000000000000001

000010000000000000000000000000000000000000000000000000000000000000001000000000000000000

000000100000000000000000000000000000000000000000000000001000000000000000000000000000000

000000000000000000000000100000000100000000000000000000000000000000000000000000000000000

000000000000000000000000000001000000000000001000000000000000000000000000010000000000000

000000000000000000000000000000000000000000000000000000000000000000000000000000000000000

000000000000000000000000100000000000000000000000000000000000000000000000000000000000000

000000000000000000010000000000000000000000000000000000000000000000000000000000000000000

000000100000000000000000000000100001000000000000000000000000000001000000000000000000000

100000000000001000000000000000000000000000000000000000000000000000000000000000000000000

100000000000001000000000000000000000000000000000000001000000000000000000000000000000000

000000000000000000010000000000000000000000000000000000000000000000000000000000000000000

000000100000000000000000000000000001000000010000000000000000000000000000000000000000000

100000000000000000000000000000000000000000000000000000000000000000000000000000000000000

000000000000000000000000100000000000100000000000000000000000000000000000000000000000000

000000000000000000000000000001000000000000000000000000000000000000000000000000000000000

000000000001000111000010000000000000000000001000000000000000000000000000000000000000000

000000000000000000010000000000000000000000000000000000000000000000000000000000000000000

000000100000000000000000000000010000000000000000000000000000000000000000000000010100000

000000000001000000000000000000000000000000000000000000000000000000000000000000000000000

000000000001000000000100000000000000000000000000000000100000000000000001000000000001000

110000000000000000000000000000000000000000000000000000000000000000000000000000000000000

110000000000000000000001000000000000000000000000000000000000000000000000000000000000000

000000001000000000000000000000100010000000000000000000000000001000000000000000000000000

100000000000001000000000000000000000000000000000000000000000000000000000000000000000000

000000000000000000000000000000000000000000000000000000000000000000000000000000000000000

000000000000000000000000100000000000000000000000000000000000000000000000000000000000000

000000000000000000000000000000000000010000000000000000000000000000000000000000000000000

000011000000010000000000000000000000000000000000000000000000000000000000000000000000000

000000000000000000010000000000000000000001000000000000000000000000000000000000000000000

000010000000000010000000000000000000000000000000000000000000000000000000000000001000000

000000000001000000000000000000000000000000000000000000010000001000000000000000000000000

000000000000000000010000000000000000000000000000100000000000000000000000000000000000000

000000000001000000000000000000000000000000000000000000000000000000000000000000000000000

000000000000000000000000000000000010000010000000000000000000000000000000000000000000000

000000000000000000010000000000000000000000000000100010000000000000000000000000000000000

000000100000000000000000000000000000000000000000000000001000000000000000000000000000000

000000000001000101000000000000000000000000000000000000000000000000000000000010000000000

100000000000000000000000000000000000000000000000000000000000000000000000000000000000000

000000000000000000000000000000000000000000000000010000000000000000000000000000000000000

000000001000000000000000000101000010000000000000000000000000000000000000000000000000000

000000100000000000000000000000000001000000000000000000000000000001000000000000000000000

000000000000000000000000000000000000010000000000000000000000000000000000000000000000000

000000000011100100000000000000000000000000000000000000000000000010000000000000000000001

000000100000000000000000000000000000000000000000000000000000000000000000000000000000000

000010000000000000000000000000000000000000000000000000000000000000000000000000000000000

000000000000000000000000000000000000000000100000000000000000000000100000000000000010000

000000000000000000000000000000000000000100000000000000000000000000000000000000000000000

000000000000000000000000100000100000000000000000001000000000000000000000000000000000000

110000000000000000000000000000000000000000000000000000000000000000000000000000000000000

100000000000001000000000000000000000000000000000000001000000000000000000000000000000000

000000000000000000010000000000000000000000000000000000000000000000000000000000000000000

000000000000000000010000000000000000000000000000000000000000000000000000000000000000000

000000000000000000000000000000000000010000000000000000000000000000000000000000000000000

000010000000000000000000000000000000000000001000000000000000000000001001000000000000000

000000000000000000000000000000000000000000100000000000000000000000000100000000000000000

000000000000000000000000000000000000000000000000000000000000000000000000000000000000000

000000000000000000000000000000000000000000000000000000000000000000000000000000000000000

000010000000000000000010000000000000000000000000000000000000000000000000100000000000100

000000000001100100000100001000000000000000000000000000000000000000000000000000000001000

000000101000000000000000000100000000000000000000000000000000000100000000000000000001000

110000000000000000000001000000000000000000000000000000000000000000000000000000000000000

000000000000000000001000000000000000000000000000000000000000000000000000000000000000000

000000000000000000000000000000000000000000000000000000000000000000000000000000000000000

000000001000000000000000000000000010000100000000000010000000000000000000000000000000000

000011000000000000000000000000000000000000000000000000000000000000000000000000000000000

000000000000000000000000000000000000000000000000000000000000000000000000000000000010000

000000000000000000000000000000000000000000000000000000000010000000000000000000000000000

100000000000001000000000000000000000000000000000000001000000000000000000000000000000000

000000100000000000000000000000000000000000000000000000000000010001000000000000000000010

000000000000000000000000000000000000000000000000000000000000000000000000000000000000000

000000000000000000000010100000001100000000000000000000000000000000000010000000000001000

000000001000000000000000000000000000000000000000000000000000000000000000001000000000000

000000100010000000000000000000010000000000000000000100000000000000000000000000000000000

000000100100000000000000000000100001001000010000000000000000000010000001100000000100000

000000000000000000000010000001100000000000100000000000000000000000000010000001000000000

000010000000000000000000000000000000000000000000000000000000000000000000100000010000000

000000000000000000000000100000000000000000000000000000000000000000000000000000000000000

000000000000000000000000000000000000000000000000000000000000000000100000000000000010000

000000000000000000000000000000000000000000000000000000000000000000000000000000000000000

000000110000000000000000000000000000000000000000000000000000000000000000000000000000000

000000000000000000000000000000000000000000000100000000000000000000000000000000000000000

000000100001000000000000000000000000000000000000000000000001000000000000000000000000000

000010000000000010000000000000000000000000000000000000000000000000000000000000001000000

000000100000000000000000000000000000000000000000000000000000000000000000000000100000000

000000100000000000000000000000000001000000000000000000000000000000000000000000000000000

000000000000000000010000000000000000000000000000000010000000000000000000000000000000000

110000000000000000000000000000000000000000000000000000000000000000000000000000000000000

000000110000000000000000000000000010000000010000000000000000000000000000100000000000000

000000100000000000000000000000000000000000000000000100000000000000000000000000000000000

000000000001100000000000001000000000000000000000000000000001000000000000000000000000000

110000000000000000000001000000000000000000000000000000000000000000000000000000000000000

000010000000000000000000000000000000000000000000000000000000000000000000000000000000000

000000001000000000000000100000000000000000000000000000000000000000000000000000000000000

000000000000000000000000000000000000010000000000000000000000000000000000000000000000000

000000000000000000000000000000000010000000000000000000000000000000000000000000000000000

000000001000000000010000000000000000000000000000000000000000000000000000000000000000000

000000100100000000000000000000000001000000000000000000000000010000000000000000010000000

000000000000000000000000100000001000000000000000000000000000000000000010000000000000000

000000000001000000000000000000000000000001000000000000000000000000000000000000000000000

000000000000000000000000000000000000000000000000000000000000000000000000000000000000000

000000100000000000000000000000000000000000000000000000001000000000000000000000000000000

000000000000000000000000000000000000000000000000000000000000000000000000000000000000000

000000000000000000000000000000000000000000000000000000000000000000100100000000000010000

000000000000000000000000000000000000000000000000000000000000000000010000000000000000100

000000100000000000000000000000000000000000000000000100000000000000000000000000000000010

000011000000000000000000000000000000000000000000000000000000000000000000000000000000000

000000000001000000000000000000000000000001000000000000000000000000000000000000000000000

000000000000000000000000000000000000000000000000000000000000000000010000000000000000100

100000000000000000000000000000000000000000000000000010000000000000000000000000000000000

000000000000000000000000000000000000000000000000000000000000000000100000000000000010000

000000100000000000000000000000000001000000000000000000000000000000000000000000000000000

000000000001000111000000000000010000000000000000000000100000000000000000000000000000000

000011000000010000000000000000000000000000000000000000000000000000000000000000000100000

000010000000000000000000000000000000000000000000000000000000000000000000000000001000000

000000100000000000000000000010100001000000000000000000000000000000000000000000000000000

000000000000000000001000000000000000000000000000000000000000000000000000000000000000000

000000000000000000000000000001000000000000000000000000000000000000000000000000000000000

000011000000000000000000000000000000000000000000000000000000000000000000000000000000000

000000000000000000001000000000000000000000000000000000000000000000000000000000000000000

000000000000000000000000000000000010000000000000010000000000000000000000000000000000000

000000000000000000000000000000000000000100000000000000000000000000000000000000000000000

000010000000000000000000000000000000000000000000000000000000000000000010000001000000000

000000000000000000000100100000000000000000000000000000000000000000000000000000000000000

000000000000000000100000000000000000000000000000010000000000000000000000000000000000000

000000100000000000000100000000010000000000000000000000000000000000000000000000100100000

000000000000000000010000000000000000000000000000000000010000000000000000000000000000000

000000100000000000000000000000000001000000000000000000000000000000000000000000000000000

000000000000000000000000100000000000000000000000000000000000000000000000000000000000000

000000100000000000000000000000000001000000000000000000000000000000000000000000000000000

000000110100000000000000000000000000000000000000000000000000000000000000000000000000011

000011000000000000000000000000000000000000000000000000000000000000000000000000000000000

000000110010000000000000000000000000000000000000000000000000000001000000100000000000000

000000000000000000000000000000000000000000000000000000000010000000000000000000000000000

000000000000000000000000000001000000100000000000000000010000000000000000000000000000000

000000000000000000000000000001000010000000000000000000000000000000000000010000000000000

000000000000000000000000000000000000000000000000000000000000000000000000000000000000000

000000000000000000000000100000000000000000000000000000000000000000000000000000000000000

000000000000000000010000000000000000000000000000100000000000000000000000000000000000000

000000100000000000000000000000000000000000000000000000000000000000000000000000000000000

000000000000000000000000000000000000100000000000000000000000000000000000000000000000000

000000001000000000000000000001000000000000000000000000000100000000000100000000000000000

000000100000000000000000000000000000000000000000000100000000000000000000000000000000000

000000001001000000000000000000000000000000000000000000000000000001000000000000000000000

000000000000000000000000100000000000000000000000000000000000000000000000000000000000000

100000000000001000000000000000000000000000000000000000000000000000000000000000000000000

100000000000000000000000000000000000000000000000000000000000000000000000000000000000000

000000001001100100000000000000000000000000000000000000000000000000000000000000000000000

000000000000000000000000000000000000000000000000000000000000010000011000000000000000000

000000000000000000000000001000000010000000000000100000000001000000000000000000000000000

000000000000000000000000000000000000000000000000000000000000000000100000000000000010000

000000000000000001000000000001100000100000000000000000000000000000000000000000000000000

000000000000000000000000000000000000000000000000000000000000000000000000000000000000000

000000001001000100000000001000000000000000000000000000000000000000000000000010000000000

000000000000000000000000000000000000000000000100000010000000000000000000000000000000000

000000000000000000000000000000000000000000000000000000000000000000000000000000000000000

000000100000000000000000000000000000000000000000000000001000000000000000000000000000000

000000000000000000000000000000000000000000000000000000000000000000000000000000000000000

000000000000000000000000100000000000000000000000001000000000000000000000000000000000000

000000000000000000000000000000000000100000000000000000000000000000000000000000000000000

000000100000000000000000000000000000000000000000000000001000000000000000000000000000000

000000000000000000000000000000000000000000000000000000000000000000000000000000000000000

000000100000000000000000000000000000000000000000000000001000000010000000000000000000000

000000100100000000000000000010100000001000000000000000000000000010000000000000000000000

100000000100000000000000000000000000000000000000000000000000000000000000000000000000000

000000000000000000000000000001000000000000000000000000000000000000000000010000000000000

000000100000000000000000000000000000000000000000000100000000000000000000000000000000000

000010000000000000000000000000000001000000000100000000001000000000000000000000000000000

000010000000000000000000000000000000000000000000000000000000000000000000000000000000000

100000000001000000000000000000000000000000000000000000000000000000000000000000000000000

000000000000000000000000000000000000000000000000000000000000000000000000000000000000000

000000000000000000000000000000001000000000000000000000000000000000000000000001000000000

000000000001100000000000000000110000000000000001000000000000000010000000000000000000010

000000000000000000000000000001000010000000000000000000000000000000000000000000000000000

000000000001000100000000000000001000000000000000000000000000100000000000000000000000000

000000000000000000000000000000000000000000000000000000000000000000000000000000000000000

000000000001000100000000000000000000000000000000000000000000000000000000000000000000000

000000000000000000000010000001000000000000000000000000000000000000000000000000000000000

000000000000000000000000000000010000000000000001000010000000000000000000000000000000000

000000100000000000000000000000000000000000000000000100000000000000000000000000000000000

000000000000000000010000000000000000000000000000100000000000000000000000000000000000000

000000000000000000000000000001000000000000000010000000000100010000000100000000000000000

000000100010000000000000000000000000000000000000000000000000000100000000000000000000010

000010000000000010000000000000000000000000000000000000000000000000000000000100001000000

000000000000000000000000100000000000000000000000000000000000000000000000000000000000000

000000000000000000000000100000100000000000000001001000000000000000000000000000000000000

